100
10200
12000
2000
14200
5600
6100
18600
3300
11900
800
5700
6600
6200
2700
16100
17300
300
16800
18300
19400
2500
9400
2800
4600
18400
8500
8200
3000
3900
12300
6500
12200
16000
12900
11800
10800
12500
5500
9500
10400
9300
14500
5300
9200
6700
7900
4800
10100
6300
2200
12800
14800
5000
6400
9800
16500
1900
10000
18900
3700
15800
12700
11400
19700
19900
2900
3500
19100
12400
13600
7000
8100
700
1600
6900
18200
200
11600
15700
18000
18100
8300
0
17100
2600
11200
17700
16600
4500
19300
7600
2400
19800
400
3800
3600
8400
15100
14400
5200
11300
17400
13500
9900
17000
17800
7700
4300
900
13800
14100
19000
15200
10600
15600
10500
13000
7300
17500
4100
11700
5100
8600
16900
8800
16400
1400
4700
1000
12600
5400
9600
16300
18500
5800
9000
15300
4200
11100
7500
7100
3400
18700
18800
16200
8700
500
4900
10900
1500
15900
2100
19600
3100
17900
1800
8900
9700
14700
13900
2300
3200
14900
7400
17600
1100
19200
13400
19500
600
1200
8000
14000
6800
15000
4000
13300
13100
12100
15500
7200
13700
9100
1700
4400
10700
13200
17200
11000
7800
14300
1300
14600
6000
11500
10300
16700
5900
15400
