19640
5380
6870
4360
2040
19710
1630
19260
15150
9860
18660
5820
9350
10760
9740
14560
16170
15340
11800
7970
4250
17840
2340
17620
7940
18160
12260
5850
1970
9310
19950
6440
17230
13380
3970
4880
15940
4300
11380
12450
18710
3690
16240
1360
1900
12950
3190
6190
2390
3580
3600
7870
11350
4710
9890
9750
8070
7810
17050
4040
2560
8290
10400
14670
17870
3150
1070
2770
10840
14260
8970
11120
620
2270
6610
10670
1110
19850
10290
6370
17130
390
6450
9450
820
460
2650
16380
14400
11040
8260
10200
280
6790
920
12200
18010
18540
12760
15870
470
4740
18030
6390
8500
16280
1980
8740
12700
10000
9370
17380
18510
1180
17210
11480
4700
16640
5210
11560
10100
7780
17120
14650
19240
12350
8530
9040
9790
1520
19340
12580
15260
8560
8280
14040
6940
7260
4200
7770
8610
6510
11030
11880
14340
8840
19480
10140
7390
2550
5340
17190
11890
2760
19810
13230
7020
1020
290
11660
9270
8870
5540
9390
180
4680
13620
8680
3900
6300
12340
17900
6180
10130
5260
4970
3420
15210
18900
8710
2060
13760
1890
12560
5220
3090
17670
10620
1750
14410
10710
7760
1450
5620
14610
19400
8460
3530
18810
9610
6170
18740
15920
12640
17910
12020
19000
11970
6620
12300
8300
15030
4030
500
3070
140
2580
13270
19150
4320
15190
5520
19110
11290
3490
590
9640
9220
19210
17480
800
16860
1860
3890
15760
17810
2740
19070
9460
150
5240
170
6800
16120
1990
4170
19830
11460
11980
30
11840
8140
80
7820
12410
17770
9440
6500
17300
4520
1880
16190
4330
10340
8960
17170
13990
7220
3630
16310
18780
6900
18610
10870
13460
13080
6950
4570
110
6210
8400
14960
11850
16430
5000
13120
19510
9540
10800
8110
9980
5280
3510
12710
2520
2750
5900
6780
15860
1530
19660
1660
9100
9170
13740
19770
4860
11150
13250
15750
5970
8160
11690
2500
600
7410
9160
17510
4380
17710
4630
6150
15160
19600
18980
13710
17830
17570
16460
12480
16980
9760
12160
9430
14030
3650
7050
12230
19300
8930
15710
7910
8010
2620
5180
15600
260
760
10020
11090
2530
570
18940
4070
1320
17460
16260
16290
12780
7070
7210
17060
1100
17000
5890
15400
3570
16690
450
7540
17600
10360
8950
16140
4470
5990
11240
14320
10860
4090
10980
6250
16400
2600
7550
14510
5810
15070
13360
7900
11530
16760
3210
17090
12890
3840
2400
8180
12360
980
5950
12920
14310
16390
18180
19080
13490
9730
13320
9900
7280
9180
6700
18490
13450
14060
6930
10180
1410
14100
11000
5290
5870
12570
9800
13330
5590
5200
19120
6570
10630
19280
5090
18400
13290
16810
7500
7740
4990
12170
11050
14540
13100
2950
950
13700
3480
19570
7190
15960
6830
3460
2410
13140
7980
8660
7490
7380
4750
10060
7560
9920
13530
4510
11080
16930
8020
16610
11540
11860
5160
14970
6750
10450
15380
14150
340
1010
1470
11920
17260
19740
18500
6040
16940
5670
17440
4730
19960
1260
14250
230
10880
12740
2970
18470
5880
9090
3950
4980
9190
7660
13000
9720
18290
4290
2490
940
19180
5480
4910
16320
5840
11210
5370
6980
18990
3780
15240
19880
11060
12790
16080
440
18100
14600
5270
3870
15480
5770
5050
0
2890
14230
3750
19520
4960
6920
19720
9520
3880
6280
1160
18060
11520
18360
13630
4610
14360
19390
18430
9780
13950
11280
1270
9210
740
6160
17800
14710
490
12440
1080
11100
11360
13340
16480
4800
14420
16440
11830
3050
10820
4460
17270
3620
4140
9120
10810
5450
11110
12120
14770
16740
2200
2470
17360
16710
2610
1810
6380
12870
12280
18680
5580
12110
16450
10070
830
19360
10610
13930
10320
5650
12820
12060
6720
17960
18230
16010
11140
5680
18870
1400
1670
18170
13730
18850
3720
7470
5010
19790
15390
7790
14220
13720
17530
4500
9560
19870
5020
8470
4670
1220
17790
14110
2590
12290
16800
970
12800
13550
16020
1150
18920
6360
7670
11810
8800
13900
15580
6760
6010
16870
18790
15720
13980
12180
13850
12420
7720
19490
7620
16550
17110
17220
16360
3140
1030
6710
2360
14170
10900
12400
11620
890
8580
13010
16070
14890
4050
7830
4600
9140
4590
11730
17780
4950
6140
5390
18240
19940
19800
14380
8310
12960
2210
18450
10
18800
14860
1550
6000
4310
7350
15320
780
19500
7510
4480
5360
11410
10590
2320
15060
6220
8410
16110
3810
3280
10220
19820
13200
12670
15180
9250
7330
19560
19420
16650
1330
1130
6340
17080
14370
4450
360
2790
7290
2730
11250
3330
730
19990
270
9940
6240
19040
810
2440
17700
10770
7040
16600
11750
8190
18070
10640
5350
9990
19060
17200
16780
1340
3030
3260
10990
6230
7420
3960
8900
1640
3770
12140
7650
15220
14280
13190
7160
18040
4690
3430
2510
16050
510
10170
5980
18520
14160
8220
18720
13020
1680
14730
7680
2240
6850
70
10310
13170
3450
7000
4930
6090
14790
11760
8000
15370
16510
14590
3860
1540
4820
17430
5320
8450
6530
10780
8090
13660
18090
15270
10740
18530
5610
5550
15200
8880
13640
16220
5150
2010
9330
11630
960
2030
16000
10690
13680
7030
12840
10460
11710
5510
5300
7200
19130
120
5060
14740
10910
17610
7860
7110
1840
4100
4640
1740
7950
12390
1820
11700
100
18340
6880
8100
3200
10010
14570
6330
990
16920
17040
17340
11370
8630
1240
10410
11910
3100
220
3500
8050
16790
7890
14390
6650
14950
13400
11200
11930
10150
14640
17730
1940
12130
17320
5660
16630
3170
19160
9300
13600
17690
10530
16620
16230
15050
1420
16370
9690
18330
13510
8430
11790
7990
8760
14290
14980
420
19890
10850
3410
11640
17980
17450
6630
1920
18550
1170
18380
15910
8980
1730
9870
2150
1690
16040
6020
12550
4770
16490
16410
5780
3310
19650
15980
4660
670
16830
6030
12680
13650
19750
7640
13790
16750
5070
15810
15630
3990
3160
5710
16150
3760
250
1620
13960
1140
4490
19450
10430
15690
18200
3060
6660
9230
3300
17390
18560
17250
9290
16200
6060
9550
6080
17490
14190
50
18750
9770
16970
18910
19690
5460
200
10680
4530
8040
12880
6810
12030
14000
19410
2880
13430
2300
190
5100
15510
11590
16030
8510
770
10830
8830
13210
15820
8940
14490
630
10730
12930
16840
5030
18570
4870
10600
18650
12220
8570
1780
5170
17500
8620
13310
16180
14090
10040
18280
19610
6410
7930
15950
3820
5690
1090
3320
6070
4240
9840
19250
9630
14120
17410
19290
2860
5600
18690
1290
11300
310
13220
2180
12650
12520
13870
15500
10650
14920
11340
17280
18130
14440
15440
9970
15890
2230
8080
5800
19540
7090
8240
15230
750
7080
8990
10700
4260
2830
7800
11180
19590
8790
10370
14830
5310
12150
7850
7430
9490
9660
4210
15640
1700
860
7320
16990
5420
17370
2260
5730
19100
16060
11330
7730
15130
9360
18460
1480
12320
15000
1350
12500
14930
10380
17860
18730
2660
13670
700
11770
14270
2020
6130
9020
3560
3540
7920
5750
8730
15970
10720
3240
16770
12620
9570
17850
3360
2330
13780
19270
12250
10550
13580
480
8480
14240
400
9320
14900
9150
10090
2840
9060
7120
14620
9000
19050
14800
14180
13050
18210
3660
3340
12190
2120
19630
19980
14020
13590
9030
900
5040
17680
18110
10950
16950
6110
8120
3680
3110
19760
3590
16890
13470
17930
1380
9420
18830
12590
8590
2000
850
5130
13160
520
4400
19430
7170
13150
10230
3740
17520
16580
1200
7310
1430
11500
10240
9070
15850
9050
10520
9200
19680
18640
1560
1830
12380
18420
18630
2290
8270
17330
11940
7450
17420
18150
14330
10790
9850
8330
4190
15830
9400
15310
18390
19620
3790
19460
10080
9810
12530
6640
13350
5490
1050
1870
14500
10920
1960
18440
5830
18250
2900
15550
11960
13240
12730
15410
6560
17650
19860
11470
19380
8360
11070
4150
15470
5120
5440
320
15450
2350
18950
10930
18350
10390
13890
15490
3940
14630
16100
7180
20
13500
12830
1300
16210
16910
15680
1770
2130
18970
4940
3710
15900
210
6860
14760
2170
12630
2990
10120
10330
15080
16960
6730
9950
6590
18760
14940
16540
2960
3250
11230
7360
870
1910
10570
13840
560
5470
7710
17880
14690
6600
18300
4560
12210
530
12490
11310
17020
14530
7140
15290
3380
6320
3610
16500
8810
8200
4430
19330
11020
14130
15840
19700
12460
2450
13860
14820
1600
12690
11400
8700
6520
15120
19190
1280
16300
15040
12070
17030
9680
2540
13770
2370
680
14140
11220
19200
7010
1210
3520
4900
930
18080
8540
9080
13570
10890
11390
4580
11740
12050
19730
1490
17940
17310
15530
16590
4000
15740
12990
5740
11490
18880
2190
11550
10250
410
8380
15780
11670
6310
7130
19910
13970
18410
19440
9340
15570
11170
17240
19320
3020
19090
1580
8340
19170
15670
1950
12660
14430
3700
15170
6990
9830
2630
9010
8490
8640
5500
17920
1710
12430
10440
9240
4760
10470
3010
6420
8350
60
15300
160
16520
16900
17660
300
19930
5910
13390
13920
15620
15610
1930
19220
17890
11010
5230
8750
2100
5330
18770
16530
7700
16660
10210
19030
2480
15330
1190
16820
14050
16340
7590
13410
15540
8170
7100
7600
7840
2160
4920
11680
2140
13040
2110
8210
7440
12000
1790
7240
17590
12850
1460
15700
14810
17070
2810
18890
2380
4720
9960
10580
4110
1570
3390
13130
7250
6680
4850
3670
2640
8910
14910
4270
240
15880
40
17950
3930
1510
19970
16730
12980
5410
4550
14210
18310
13280
12540
15360
11430
17160
18620
7370
12100
8550
610
4540
2280
12510
6960
19920
14700
19350
8860
19470
4410
430
4420
19900
9280
1390
660
10050
8650
17970
11570
13940
12370
14450
18480
8320
17720
5860
9590
12970
15650
1250
6350
4160
2700
11510
6910
1850
790
11450
6260
8420
18260
6550
11950
13090
18000
7230
370
380
4010
3640
2920
17550
11900
9130
6970
4120
15100
910
10560
12010
720
17140
8230
16470
5930
8600
15660
16420
12770
19550
1120
11720
14520
14550
640
11260
7520
3830
6670
15430
11580
6540
2570
7690
18020
3180
4080
9260
5960
12080
130
3000
5760
13260
3120
10280
13690
7630
17990
5560
19530
3130
2980
14460
3920
5250
10160
15250
1230
2070
9470
15090
7460
8440
8770
10750
2310
15350
9510
6740
10420
6580
13030
11820
13880
17350
10540
4280
15990
10500
9620
1650
3230
13370
10960
540
2090
13800
14010
18220
13060
13420
15010
12040
1610
8370
17100
17010
7580
14720
9110
18700
17740
13910
6400
16570
690
17820
15020
12810
17760
14070
14470
6840
8780
2910
19230
5700
19840
10970
14840
12310
3440
8150
17750
1060
3800
19010
14680
5630
1040
19670
3350
7060
19580
15770
15420
18370
7480
15110
11320
8250
11780
16270
13820
2220
12720
19370
14480
7400
14200
2940
8920
2930
14850
8890
4020
11160
350
4390
6100
9530
11270
710
2690
5080
6290
15460
14870
17400
4790
8520
6820
14780
16680
4840
17580
10260
15730
4780
18320
11870
17150
12470
8690
6480
13750
16130
10490
11990
5530
4220
16850
1590
2800
7270
5190
16330
880
7880
2080
3730
6470
4130
13830
10110
15140
16700
12240
13480
15560
4810
2250
8390
12940
18190
17540
19020
18670
2720
10300
4620
8720
9580
12610
5920
14880
11600
9670
3370
14660
7960
13440
580
17560
3550
650
11420
6890
1310
12860
16880
3470
18120
3980
12900
9480
6050
13560
6200
15590
7610
3290
16560
18860
8130
13540
12750
2420
7570
10270
5640
6120
4370
16090
1500
18590
5110
550
3270
9380
10350
9700
15930
3080
2870
14990
8060
3040
14580
12600
9930
1720
18050
12270
9910
9650
10480
19140
16720
4890
840
16350
4440
18820
330
6690
7340
6270
6430
18960
18270
8850
11650
1000
9820
3400
5430
7300
9880
10030
15800
1370
3850
4180
9500
1800
5720
15280
10510
90
16670
16160
14080
9600
3910
17630
2670
18930
7150
4230
12090
13610
14300
11610
13180
2430
13300
10660
17290
14350
16250
19780
8820
2850
18840
18600
13810
2780
17180
4350
17470
2820
10190
14750
9410
10940
5940
18140
12910
5140
13110
13520
8670
4060
4830
4340
18580
9710
11130
7750
13070
5790
17640
2050
15520
7530
6490
3220
2460
11190
6770
5400
2710
1760
8030
1440
11440
4650
6460
12330
2680
19310
15790
5570
