19900
19800
19700
19600
19500
19400
19300
19200
19100
19000
18900
18800
18700
18600
18500
18400
18300
18200
18100
18000
17900
17800
17700
17600
17500
17400
17300
17200
17100
17000
16900
16800
16700
16600
16500
16400
16300
16200
16100
16000
15900
15800
15700
15600
15500
15400
15300
15200
15100
15000
14900
14800
14700
14600
14500
14400
14300
14200
14100
14000
13900
13800
13700
13600
13500
13400
13300
13200
13100
13000
12900
12800
12700
12600
12500
12400
12300
12200
12100
12000
11900
11800
11700
11600
11500
11400
11300
11200
11100
11000
10900
10800
10700
10600
10500
10400
10300
10200
10100
10000
9900
9800
9700
9600
9500
9400
9300
9200
9100
9000
8900
8800
8700
8600
8500
8400
8300
8200
8100
8000
7900
7800
7700
7600
7500
7400
7300
7200
7100
7000
6900
6800
6700
6600
6500
6400
6300
6200
6100
6000
5900
5800
5700
5600
5500
5400
5300
5200
5100
5000
4900
4800
4700
4600
4500
4400
4300
4200
4100
4000
3900
3800
3700
3600
3500
3400
3300
3200
3100
3000
2900
2800
2700
2600
2500
2400
2300
2200
2100
2000
1900
1800
1700
1600
1500
1400
1300
1200
1100
1000
900
800
700
600
500
400
300
200
100
0
